Assignment		w1		w2		w3

SER2H-SER2N-MET1CA		8.224958		117.196224		55.489
SER2H-SER2N-MET1CB		8.2253		117.185099		32.848
GLU3H-GLU3N-SER2CA		8.0017		119.826063		58.593
GLU3H-GLU3N-SER2CB		8.000846		119.816417		64.057
THR4H-THR4N-GLU3CA		8.957091		117.226078		55.651
THR4H-THR4N-GLU3CB		8.955477		117.200677		32.952
VAL5H-VAL5N-THR4CA		8.635348		125.980139		60.559
VAL5H-VAL5N-THR4CB		8.634809		125.97516		71.367
ILE6H-ILE6N-VAL5CA		8.931877		124.270016		62.676
ILE6H-ILE6N-VAL5CB		8.93131		124.280932		32.202
CYS7H-CYS7N-ILE6CA		7.250294		114.879471		61.036
CYS7H-CYS7N-ILE6CB		7.251322		114.87673		38.211
SER8H-SER8N-CYS7CA		8.55698		117.867826		57.2
SER8H-SER8N-CYS7CB		8.558219		117.874469		29.518
SER9H-SER9N-SER8CA		9.230046		120.238593		57.456
SER9H-SER9N-SER8CB		9.229254		120.220816		64.863
ARG10H-ARG10N-SER9CA		8.844403		124.809907		57.852
ARG10H-ARG10N-SER9CB		8.846528		124.825164		67.332
ALA11H-ALA11N-ARG10CA		9.181052		125.915884		54.855
ALA11H-ALA11N-ARG10CB		9.180705		125.912335		32.147
THR12H-THR12N-ALA11CA		8.952612		119.325877		51.659
THR12H-THR12N-ALA11CB		8.951023		119.343706		23.157
VAL13H-VAL13N-THR12CA		8.282921		128.230946		62.584
VAL13H-VAL13N-THR12CB		8.283943		128.239502		68.781
MET14H-MET14N-VAL13CA		9.938068		130.053213		62.831
MET14H-MET14N-VAL13CB		9.940325		130.071788		31.259
LEU15H-LEU15N-MET14CA		9.64891		121.507855		53.491
LEU15H-LEU15N-MET14CB		9.651119		121.514757		36.519
TYR16H-TYR16N-LEU15CA		8.135062		125.371865		53.698
TYR16H-TYR16N-LEU15CB		8.133612		125.356949		46.369
ASP17H-ASP17N-TYR16CA		8.107849		128.66729		58.201
ASP17H-ASP17N-TYR16CB		8.109097		128.652693		38.381
ASP18H-ASP18N-ASP17CA		8.331363		124.097539		51.855
ASP18H-ASP18N-ASP17CB		8.332455		124.085507		41.313
GLY19H-GLY19N-ASP18CA		8.339992		106.993421		56.451
GLY19H-GLY19N-ASP18CB		8.335395		106.999492		41.783
ASN20H-ASN20N-GLY19CA		7.306293		116.01874		46.601
LYS21H-LYS21N-ASN20CA		7.676121		118.582561		52.87
LYS21H-LYS21N-ASN20CB		7.675965		118.553968		39.512
ARG22H-ARG22N-LYS21CA		6.983421		114.102467		56.512
ARG22H-ARG22N-LYS21CB		6.98351		114.102388		28.845
TRP23H-TRP23N-ARG22CA		8.708179		121.866474		53.919
TRP23H-TRP23N-ARG22CB		8.708265		121.870937		33.552
LEU24H-LEU24N-TRP23CA		9.120654		123.528519		56.944
LEU24H-LEU24N-TRP23CB		9.120183		123.504254		30.986
ALA26H-ALA26N-PRO25CA		8.41194		126.260857		63.092
ALA26H-ALA26N-PRO25CB		8.41078		126.263773		31.512
GLY27H-GLY27N-ALA26CA		8.904554		110.87815		51.976
GLY27H-GLY27N-ALA26CB		8.904631		110.861585		20.558
THR28H-THR28N-GLY27CA		8.690066		111.784418		44.335
GLY29H-GLY29N-THR28CA		8.528558		109.586337		60.747
GLY29H-GLY29N-THR28CB		8.525642		109.58748		71.535
GLN31H-GLN31N-PRO30CA		8.477929		122.595688		62.903
GLN31H-GLN31N-PRO30CB		8.47908		122.613137		32.193
ALA32H-ALA32N-GLN31CA		8.86234		127.218341		56.708
ALA32H-ALA32N-GLN31CB		8.863851		127.219585		28.854
PHE33H-PHE33N-ALA32CA		8.572928		118.38592		51.344
PHE33H-PHE33N-ALA32CB		8.571672		118.391794		22.619
SER34H-SER34N-PHE33CA		8.830965		115.291941		59.551
SER34H-SER34N-PHE33CB		8.829642		115.293351		41.091
ARG35H-ARG35N-SER34CA		8.577844		122.608112		59.113
ARG35H-ARG35N-SER34CB		8.575802		122.612782		66.248
VAL36H-VAL36N-ARG35CA		9.425398		129.737615		55.271
VAL36H-VAL36N-ARG35CB		9.42305		129.745074		30.118
GLN37H-GLN37N-VAL36CA		9.168531		124.247356		61.39
GLN37H-GLN37N-VAL36CB		9.170549		124.259441		32.61
ILE38H-ILE38N-GLN37CA		7.602689		118.467788		53.887
ILE38H-ILE38N-GLN37CB		7.603169		118.450798		34.389
TYR39H-TYR39N-ILE38CA		9.485219		127.025579		60.692
TYR39H-TYR39N-ILE38CB		9.485221		127.022634		39.397
HIS40H-HIS40N-TYR39CA		9.53672		122.206453		56.731
HIS40H-HIS40N-TYR39CB		9.537417		122.20689		42.101
ASN41H-ASN41N-HIS40CA		8.510057		126.037753		52.293
ASN41H-ASN41N-HIS40CB		8.510243		126.043209		35.193
THR43H-THR43N-PRO42CA		7.729487		114.132682		63.941
THR43H-THR43N-PRO42CB		7.728304		114.141256		32.136
ALA44H-ALA44N-THR43CA		6.948978		122.010378		65.459
ALA44H-ALA44N-THR43CB		6.950223		121.99703		68.353
ASN45H-ASN45N-ALA44CA		7.921562		117.260616		51.536
ASN45H-ASN45N-ALA44CB		7.920152		117.263363		19.292
SER46H-SER46N-ASN45CA		7.553471		109.428517		53.705
SER46H-SER46N-ASN45CB		7.553499		109.444637		37.167
PHE47H-PHE47N-SER46CA		9.371316		120.033947		55.939
PHE47H-PHE47N-SER46CB		9.373441		120.041972		66.829
ARG48H-ARG48N-PHE47CA		8.922059		119.107876		56.725
ARG48H-ARG48N-PHE47CB		8.919467		119.134844		44.882
VAL49H-VAL49N-ARG48CA		9.210365		122.821167		54.909
VAL49H-VAL49N-ARG48CB		9.211647		122.815283		34.031
VAL50H-VAL50N-VAL49CA		8.878436		125.220699		60.855
VAL50H-VAL50N-VAL49CB		8.879188		125.217832		33.735
GLY51H-GLY51N-VAL50CA		9.054062		116.067055		60.446
GLY51H-GLY51N-VAL50CB		9.055543		116.078382		35.446
ARG52H-ARG52N-GLY51CA		8.132851		123.695893		44.938
LYS53H-LYS53N-ARG52CA		9.18901		125.434331		53.916
LYS53H-LYS53N-ARG52CB		9.185773		125.440672		33.805
MET54H-MET54N-LYS53CA		8.934178		122.477401		58.252
MET54H-MET54N-LYS53CB		8.93302		122.508541		34.989
GLN55H-GLN55N-MET54CA		8.292248		120.554169		55.343
GLN55H-GLN55N-MET54CB		8.291369		120.545923		30.261
ASP57H-ASP57N-PRO56CA		8.261304		113.243978		66.814
ASP57H-ASP57N-PRO56CB		8.258907		113.253693		31.993
GLN58H-GLN58N-ASP57CA		8.383985		116.226588		54.317
GLN58H-GLN58N-ASP57CB		8.383801		116.247893		39.78
GLN59H-GLN59N-GLN58CA		7.489468		116.355913		55.909
GLN59H-GLN59N-GLN58CB		7.490929		116.322851		28.063
VAL60H-VAL60N-GLN59CA		8.792278		127.341862		57.511
VAL60H-VAL60N-GLN59CB		8.792308		127.345539		31.176
VAL61H-VAL61N-VAL60CA		8.433839		120.580959		63.331
VAL61H-VAL61N-VAL60CB		8.433675		120.583943		31.763
ILE62H-ILE62N-VAL61CA		7.2587		116.903417		61.194
ILE62H-ILE62N-VAL61CB		7.259509		116.904209		33.183
ASN63H-ASN63N-ILE62CA		8.178292		125.567211		60.662
ASN63H-ASN63N-ILE62CB		8.178058		125.559052		39.273
CYS64H-CYS64N-ASN63CA		8.896224		120.240988		52.709
CYS64H-CYS64N-ASN63CB		8.89786		120.232253		37.6
ALA65H-ALA65N-CYS64CA		8.889245		127.395908		56.027
ALA65H-ALA65N-CYS64CB		8.890957		127.380586		31.233
ILE66H-ILE66N-ALA65CA		8.215412		123.550493		52.485
ILE66H-ILE66N-ALA65CB		8.215319		123.533725		19.507
VAL67H-VAL67N-ILE66CA		6.834914		118.360869		61.086
VAL67H-VAL67N-ILE66CB		6.834026		118.349049		37.702
ARG68H-ARG68N-VAL67CA		8.485441		120.006221		59.094
ARG68H-ARG68N-VAL67CB		8.486118		120.00273		35.304
GLY69H-GLY69N-ARG68CA		9.049403		113.933481		58.328
GLY69H-GLY69N-ARG68CB		9.049295		113.941345		30.302
VAL70H-VAL70N-GLY69CA		7.528908		121.643725		44.959
LYS71H-LYS71N-VAL70CA		8.470529		126.507456		63.926
LYS71H-LYS71N-VAL70CB		8.47139		126.507781		32.265
TYR72H-TYR72N-LYS71CA		8.761884		128.272212		54.368
TYR72H-TYR72N-LYS71CB		8.761329		128.269025		33.073
ASN73H-ASN73N-TYR72CA		9.139198		127.072992		57.624
ASN73H-ASN73N-TYR72CB		9.141337		127.060457		40.549
GLN74H-GLN74N-ASN73CA		8.780062		125.749284		52.361
GLN74H-GLN74N-ASN73CB		8.778675		125.721724		41.363
ALA75H-ALA75N-GLN74CA		7.752269		129.811824		54.567
ALA75H-ALA75N-GLN74CB		7.752222		129.817221		26.375
THR76H-THR76N-ALA75CA		8.788326		109.942778		55.83
THR76H-THR76N-ALA75CB		8.78709		109.945622		19.133
ASN78H-ASN78N-PRO77CA		7.835425		109.677677		65.271
ASN78H-ASN78N-PRO77CB		7.836003		109.691164		31.964
PHE79H-PHE79N-ASN78CA		7.90886		123.311806		53.077
PHE79H-PHE79N-ASN78CB		7.912078		123.311173		40.441
HIS80H-HIS80N-PHE79CA		8.096271		126.279084		56.763
HIS80H-HIS80N-PHE79CB		8.09478		126.298634		40.939
GLN81H-GLN81N-HIS80CA		8.824341		115.624		51.688
GLN81H-GLN81N-HIS80CB		8.820734		115.635773		35.309
TRP82H-TRP82N-GLN81CA		9.103218		119.786145		54.252
TRP82H-TRP82N-GLN81CB		9.102359		119.805352		33.853
ARG83H-ARG83N-TRP82CA		8.472476		120.05667		57.803
ARG83H-ARG83N-TRP82CB		8.471733		120.053882		32.955
ASP84H-ASP84N-ARG83CA		8.94213		126.635304		54.835
ASP84H-ASP84N-ARG83CB		8.940227		126.630727		33.292
ALA85H-ALA85N-ASP84CA		8.51758		121.370407		52.667
ALA85H-ALA85N-ASP84CB		8.517699		121.357711		42.816
ARG86H-ARG86N-ALA85CA		8.642778		116.973563		55.008
ARG86H-ARG86N-ALA85CB		8.642281		116.986907		18.366
GLN87H-GLN87N-ARG86CA		8.618897		119.861127		56.544
GLN87H-GLN87N-ARG86CB		8.61781		119.84411		32.381
VAL88H-VAL88N-GLN87CA		8.191142		121.500475		55.072
VAL88H-VAL88N-GLN87CB		8.191138		121.490903		31.909
TRP89H-TRP89N-VAL88CA		8.462314		127.545242		61.738
TRP89H-TRP89N-VAL88CB		8.464081		127.562773		32.668
GLY90H-GLY90N-TRP89CA		8.946958		106.592997		55.654
GLY90H-GLY90N-TRP89CB		8.949531		106.600113		31.535
LEU91H-LEU91N-GLY90CA		8.48335		121.852714		44.355
ASN92H-ASN92N-LEU91CA		8.080246		120.045253		52.646
ASN92H-ASN92N-LEU91CB		8.080088		120.032764		44.606
PHE93H-PHE93N-ASN92CA		9.022336		124.390745		50.977
PHE93H-PHE93N-ASN92CB		9.021095		124.396236		39.785
GLY94H-GLY94N-PHE93CA		9.180534		107.366973		59.816
GLY94H-GLY94N-PHE93CB		9.176378		107.360075		41.723
SER95H-SER95N-GLY94CA		7.620958		110.311859		46.362
LYS96H-LYS96N-SER95CA		9.119927		122.927432		57.013
LYS96H-LYS96N-SER95CB		9.117942		122.928991		66.501
GLU97H-GLU97N-LYS96CA		8.868761		122.096792		59.083
GLU97H-GLU97N-LYS96CB		8.867311		122.09844		32.053
ASP98H-ASP98N-GLU97CA		7.871655		120.720346		60.601
ASP98H-ASP98N-GLU97CB		7.870852		120.71271		28.533
ALA99H-ALA99N-ASP98CA		7.178544		122.763243		57.799
ALA99H-ALA99N-ASP98CB		7.178432		122.752442		42.138
ALA100H-ALA100N-ALA99CA		8.011668		119.671928		53.831
ALA100H-ALA100N-ALA99CB		8.011189		119.650031		19.855
GLN101H-GLN101N-ALA100CA		7.990533		117.565164		54.763
GLN101H-GLN101N-ALA100CB		7.991521		117.549452		18.2
PHE102H-PHE102N-GLN101CA		7.780174		122.760885		58.601
PHE102H-PHE102N-GLN101CB		7.779141		122.728247		28.439
ALA103H-ALA103N-PHE102CA		8.652786		120.224549		62.078
ALA103H-ALA103N-PHE102CB		8.652231		120.223486		40.21
ALA104H-ALA104N-ALA103CA		7.725476		120.052101		55.174
ALA104H-ALA104N-ALA103CB		7.72627		120.051813		18.25
GLY105H-GLY105N-ALA104CA		7.624627		108.792139		54.625
GLY105H-GLY105N-ALA104CB		7.625995		108.804267		17.714
MET106H-MET106N-GLY105CA		8.123317		121.951062		46.955
ALA107H-ALA107N-MET106CA		7.94732		120.055144		56.158
ALA107H-ALA107N-MET106CB		7.948408		120.056116		30.011
SER108H-SER108N-ALA107CA		7.623395		114.193224		55.03
SER108H-SER108N-ALA107CB		7.622416		114.201589		17.492
ALA109H-ALA109N-SER108CA		7.576255		126.267729		61.617
ALA109H-ALA109N-SER108CB		7.576419		126.267843		62.493
LEU110H-LEU110N-ALA109CA		8.028129		115.462671		54.298
LEU110H-LEU110N-ALA109CB		8.027173		115.466881		17.558
GLU111H-GLU111N-LEU110CA		7.882433		118.758232		57.874
GLU111H-GLU111N-LEU110CB		7.878848		118.776707		40.727
ALA112H-ALA112N-GLU111CA		7.516174		122.296983		59.097
ALA112H-ALA112N-GLU111CB		7.515629		122.308864		29.494
LEU113H-LEU113N-ALA112CA		7.784581		117.482971		54.447
LEU113H-LEU113N-ALA112CB		7.787323		117.491342		18.647
GLU114H-GLU114N-LEU113CA		7.616508		118.588465		56.14
GLU114H-GLU114N-LEU113CB		7.614575		118.587582		43.249
GLY115H-GLY115N-GLU114CA		7.592845		113.453606		57.005
GLY115H-GLY115N-GLU114CB		7.592734		113.46051		30.079
