Assignment		w1		w2		w3

MET1N-MET1CA-MET1CA		122.22644		55.489		55.489
MET1N-MET1CA-MET1CB		122.20998		55.489		32.848
SER2N-SER2CA-SER2CA		117.221079		58.593		58.593
SER2N-SER2CA-SER2CB		117.207001		58.593		64.057
GLU3N-GLU3CA-GLU3CA		119.834847		55.651		55.651
GLU3N-GLU3CA-GLU3CB		119.847649		55.651		32.952
THR4N-THR4CA-THR4CA		117.217073		60.559		60.559
THR4N-THR4CA-THR4CB		117.214614		60.559		71.367
VAL5N-VAL5CA-VAL5CA		125.977171		62.676		62.676
VAL5N-VAL5CA-VAL5CB		125.984463		62.676		32.202
ILE6N-ILE6CA-ILE6CA		124.299021		61.036		61.036
ILE6N-ILE6CA-ILE6CB		124.260986		61.036		38.211
CYS7N-CYS7CA-CYS7CA		114.876555		57.2		57.2
CYS7N-CYS7CA-CYS7CB		114.885316		57.2		29.518
SER8N-SER8CA-SER8CA		117.869945		57.456		57.456
SER8N-SER8CA-SER8CB		117.87599		57.456		64.863
SER9N-SER9CA-SER9CA		120.250933		57.852		57.852
SER9N-SER9CA-SER9CB		120.258303		57.852		67.332
ARG10N-ARG10CA-ARG10CA		124.811929		54.855		54.855
ARG10N-ARG10CA-ARG10CB		124.787272		54.855		32.147
ALA11N-ALA11CA-ALA11CA		125.906793		51.659		51.659
ALA11N-ALA11CA-ALA11CB		125.92437		51.659		23.157
THR12N-THR12CA-THR12CA		119.342725		62.584		62.584
THR12N-THR12CA-THR12CB		119.345859		62.584		68.781
VAL13N-VAL13CA-VAL13CA		128.225795		62.831		62.831
VAL13N-VAL13CA-VAL13CB		128.231008		62.831		31.259
MET14N-MET14CA-MET14C		130.06381		53.491		173.599
MET14N-MET14CA-MET14CA		130.057223		53.491		53.491
MET14N-MET14CA-MET14CB		130.040769		53.491		36.519
LEU15N-LEU15CA-LEU15CA		121.510883		53.698		53.698
LEU15N-LEU15CA-LEU15CB		121.503294		53.698		46.369
TYR16N-TYR16CA-TYR16CA		125.369148		58.201		58.201
TYR16N-TYR16CA-TYR16CB		125.362758		58.201		38.381
ASP17N-ASP17CA-ASP17CA		128.678644		51.855		51.855
ASP17N-ASP17CA-ASP17CB		128.673033		51.855		41.313
ASP18N-ASP18CA-ASP18CA		124.101613		56.451		56.451
ASP18N-ASP18CA-ASP18CB		124.094601		56.451		41.783
GLY19N-GLY19CA-GLY19CA		106.98696		46.601		46.601
ASN20N-ASN20CA-ASN20CA		116.022011		52.87		52.87
ASN20N-ASN20CA-ASN20CB		116.026157		52.87		39.512
LYS21N-LYS21CA-LYS21CA		118.584492		56.512		56.512
LYS21N-LYS21CA-LYS21CB		118.556287		56.512		28.845
ARG22N-ARG22CA-ARG22CA		114.09127		53.919		53.919
ARG22N-ARG22CA-ARG22CB		114.102211		53.919		33.552
TRP23N-TRP23CA-TRP23CA		121.873044		56.944		56.944
TRP23N-TRP23CA-TRP23CB		121.857124		56.944		30.986
LEU24N-LEU24CA-LEU24CA		123.521431		52.122		52.122
LEU24N-LEU24CA-LEU24CB		123.502642		52.122		44.178
ALA26N-ALA26CA-ALA26CA		126.274192		51.976		51.976
ALA26N-ALA26CA-ALA26CB		126.262659		51.976		20.558
GLY27N-GLY27CA-GLY27CA		110.874362		44.335		44.335
THR28N-THR28CA-THR28CA		111.784634		60.747		60.747
THR28N-THR28CA-THR28CB		111.80438		60.747		71.535
GLY29N-GLY29CA-GLY29CA		109.574522		44.23		44.23
GLN31N-GLN31CA-GLN31CA		122.592452		56.708		56.708
GLN31N-GLN31CA-GLN31CB		122.623493		56.708		28.854
ALA32N-ALA32CA-ALA32CA		127.221128		51.344		51.344
ALA32N-ALA32CA-ALA32CB		127.218549		51.344		22.619
PHE33N-PHE33CA-PHE33CA		118.393579		59.551		59.551
PHE33N-PHE33CA-PHE33CB		118.418976		59.551		41.091
SER34N-SER34CA-SER34CA		115.303724		59.113		59.113
SER34N-SER34CA-SER34CB		115.302549		59.113		66.248
ARG35N-ARG35CA-ARG35CA		122.610346		55.271		55.271
ARG35N-ARG35CA-ARG35CB		122.62255		55.271		30.118
VAL36N-VAL36CA-VAL36CA		129.725249		61.39		61.39
VAL36N-VAL36CA-VAL36CB		129.729207		61.39		32.61
GLN37N-GLN37CA-GLN37CA		124.240733		53.887		53.887
GLN37N-GLN37CA-GLN37CB		124.266624		53.887		34.389
ILE38N-ILE38CA-ILE38CA		118.451221		60.692		60.692
ILE38N-ILE38CA-ILE38CB		118.457753		60.692		39.397
TYR39N-TYR39CA-TYR39CA		127.018827		56.731		56.731
TYR39N-TYR39CA-TYR39CB		127.010925		56.731		42.101
HIS40N-HIS40CA-HIS40CA		122.223872		52.293		52.293
HIS40N-HIS40CA-HIS40CB		122.225696		52.293		35.193
ASN41N-ASN41CA-ASN41CA		126.048489		49.105		49.105
ASN41N-ASN41CA-ASN41CB		126.060802		49.105		38.828
THR43N-THR43CA-THR43CA		114.138541		65.459		65.459
THR43N-THR43CA-THR43CB		114.129481		65.459		68.353
ALA44N-ALA44CA-ALA44CA		122.012766		51.536		51.536
ALA44N-ALA44CA-ALA44CB		122.003079		51.536		19.292
ASN45N-ASN45CA-ASN45CA		117.25925		53.705		53.705
ASN45N-ASN45CA-ASN45CB		117.248287		53.705		37.167
SER46N-SER46CA-SER46CA		109.448121		55.939		55.939
SER46N-SER46CA-SER46CB		109.441501		55.939		66.829
PHE47N-PHE47CA-PHE47CA		120.001628		56.725		56.725
PHE47N-PHE47CA-PHE47CB		120.020839		56.725		44.882
ARG48N-ARG48CA-ARG48CA		119.138479		54.909		54.909
ARG48N-ARG48CA-ARG48CB		119.131594		54.909		34.031
VAL49N-VAL49CA-VAL49CA		122.799245		60.855		60.855
VAL49N-VAL49CA-VAL49CB		122.817643		60.855		33.735
VAL50N-VAL50CA-VAL50CA		125.219422		60.446		60.446
VAL50N-VAL50CA-VAL50CB		125.229043		60.446		35.446
GLY51N-GLY51CA-GLY51CA		116.07933		44.938		44.938
ARG52N-ARG52CA-ARG52CA		123.686867		53.916		53.916
ARG52N-ARG52CA-ARG52CB		123.683842		53.916		33.805
LYS53N-LYS53CA-LYS53CA		125.415856		58.252		58.252
LYS53N-LYS53CA-LYS53CB		125.434414		58.252		34.989
MET54N-MET54CA-MET54CA		122.495914		55.343		55.343
MET54N-MET54CA-MET54CB		122.482558		55.343		30.261
GLN55N-GLN55CA-GLN55CA		120.552807		53.167		53.167
GLN55N-GLN55CA-GLN55CB		120.553074		53.167		28.859
ASP57N-ASP57CA-ASP57CA		113.243989		54.317		54.317
ASP57N-ASP57CA-ASP57CB		113.234575		54.317		39.78
GLN58N-GLN58CA-GLN58CA		116.22118		55.909		55.909
GLN58N-GLN58CA-GLN58CB		116.244456		55.909		28.063
GLN59N-GLN59CA-GLN59CA		116.32537		57.511		57.511
GLN59N-GLN59CA-GLN59CB		116.338327		57.511		31.176
VAL60N-VAL60CA-VAL60CA		127.345501		63.331		63.331
VAL60N-VAL60CA-VAL60CB		127.347955		63.331		31.763
VAL61N-VAL61CA-VAL61CA		120.590395		61.194		61.194
VAL61N-VAL61CA-VAL61CB		120.597405		61.194		33.183
ILE62N-ILE62CA-ILE62CA		116.902347		60.662		60.662
ILE62N-ILE62CA-ILE62CB		116.905538		60.662		39.273
ASN63N-ASN63CA-ASN63CA		125.561733		52.709		52.709
ASN63N-ASN63CA-ASN63CB		125.553701		52.709		37.6
CYS64N-CYS64CA-CYS64CA		120.234127		56.027		56.027
CYS64N-CYS64CA-CYS64CB		120.241002		56.027		31.233
ALA65N-ALA65CA-ALA65CA		127.389475		52.485		52.485
ALA65N-ALA65CA-ALA65CB		127.378119		52.485		19.507
ILE66N-ILE66CA-ILE66CA		123.526079		61.086		61.086
ILE66N-ILE66CA-ILE66CB		123.535489		61.086		37.702
VAL67N-VAL67CA-VAL67CA		118.364394		59.094		59.094
VAL67N-VAL67CA-VAL67CB		118.357959		59.094		35.304
ARG68N-ARG68CA-ARG68CA		119.99676		58.328		58.328
ARG68N-ARG68CA-ARG68CB		120.013406		58.328		30.302
GLY69N-GLY69CA-GLY69CA		113.935865		44.959		44.959
VAL70N-VAL70CA-VAL70CA		121.622111		63.926		63.926
VAL70N-VAL70CA-VAL70CB		121.64879		63.926		32.265
LYS71N-LYS71CA-LYS71CA		126.526429		54.368		54.368
LYS71N-LYS71CA-LYS71CB		126.506201		54.368		33.073
TYR72N-TYR72CA-TYR72CA		128.267908		57.624		57.624
TYR72N-TYR72CA-TYR72CB		128.282504		57.624		40.549
ASN73N-ASN73CA-ASN73CA		127.066663		52.361		52.361
ASN73N-ASN73CA-ASN73CB		127.06492		52.361		41.363
GLN74N-GLN74CA-GLN74CA		125.724255		54.567		54.567
GLN74N-GLN74CA-GLN74CB		125.744201		54.567		26.375
ALA75N-ALA75CA-ALA75CA		129.807142		55.83		55.83
ALA75N-ALA75CA-ALA75CB		129.812135		55.83		19.133
THR76N-THR76CA-THR76CA		109.963619		59.097		59.097
THR76N-THR76CA-THR76CB		109.956714		59.097		69.684
ASN78N-ASN78CA-ASN78CA		109.664375		53.077		53.077
ASN78N-ASN78CA-ASN78CB		109.694432		53.077		40.441
PHE79N-PHE79CA-PHE79CA		123.286508		56.763		56.763
PHE79N-PHE79CA-PHE79CB		123.292586		56.763		40.939
HIS80N-HIS80CA-HIS80CA		126.277757		51.688		51.688
HIS80N-HIS80CA-HIS80CB		126.290026		51.688		35.309
GLN81N-GLN81CA-GLN81CA		115.691798		54.252		54.252
GLN81N-GLN81CA-GLN81CB		115.659192		54.252		33.853
TRP82N-TRP82CA-TRP82CA		119.865153		57.803		57.803
TRP82N-TRP82CA-TRP82CB		119.744354		57.803		32.955
ARG83N-ARG83CA-ARG83CA		120.08204		54.835		54.835
ARG83N-ARG83CA-ARG83CB		120.005631		54.835		33.292
ASP84N-ASP84CA-ASP84CA		126.653997		52.667		52.667
ASP84N-ASP84CA-ASP84CB		126.676044		52.667		42.816
ALA85N-ALA85CA-ALA85CA		121.379643		55.008		55.008
ALA85N-ALA85CA-ALA85CB		121.280769		55.008		18.366
ARG86N-ARG86CA-ARG86CA		116.926496		56.544		56.544
ARG86N-ARG86CA-ARG86CB		117.029853		56.544		32.381
GLN87N-GLN87CA-GLN87CA		119.8544		55.072		55.072
GLN87N-GLN87CA-GLN87CB		119.838329		55.072		31.909
VAL88N-VAL88CA-VAL88CA		121.544004		61.738		61.738
VAL88N-VAL88CA-VAL88CB		121.520954		61.738		32.668
TRP89N-TRP89CA-TRP89CA		127.552879		55.654		55.654
TRP89N-TRP89CA-TRP89CB		127.572926		55.654		31.535
GLY90N-GLY90CA-GLY90CA		106.586503		44.355		44.355
LEU91N-LEU91CA-LEU91CA		121.893265		52.646		52.646
LEU91N-LEU91CA-LEU91CB		121.867088		52.646		44.606
ASN92N-ASN92CA-ASN92CA		120.051544		50.977		50.977
ASN92N-ASN92CA-ASN92CB		120.089555		50.977		39.785
PHE93N-PHE93CA-PHE93CA		124.342766		59.816		59.816
PHE93N-PHE93CA-PHE93CB		124.382006		59.816		41.723
GLY94N-GLY94CA-GLY94CA		107.317535		46.362		46.362
SER95N-SER95CA-SER95CA		110.283618		57.013		57.013
SER95N-SER95CA-SER95CB		110.183136		57.013		66.501
LYS96N-LYS96CA-LYS96CA		122.925637		59.083		59.083
LYS96N-LYS96CA-LYS96CB		122.908643		59.083		32.053
GLU97N-GLU97CA-GLU97CA		122.19475		60.601		60.601
GLU97N-GLU97CA-GLU97CB		122.200225		60.601		28.533
ASP98N-ASP98CA-ASP98CA		120.8039		57.799		57.799
ASP98N-ASP98CA-ASP98CB		120.834529		57.799		42.138
ALA99N-ALA99CA-ALA99CA		122.787594		53.831		53.831
ALA99N-ALA99CA-ALA99CB		122.828722		53.831		19.855
ALA100N-ALA100CA-ALA100CA		119.637707		54.763		54.763
ALA100N-ALA100CA-ALA100CB		119.697341		54.763		18.2
GLN101N-GLN101CA-GLN101CA		117.603299		58.601		58.601
GLN101N-GLN101CA-GLN101CB		117.524082		58.601		28.439
PHE102N-PHE102CA-PHE102CA		122.780385		62.078		62.078
PHE102N-PHE102CA-PHE102CB		122.877848		62.078		40.21
ALA103N-ALA103CA-ALA103CA		120.18556		55.174		55.174
ALA103N-ALA103CA-ALA103CB		120.253561		55.174		18.25
ALA104N-ALA104CA-ALA104CA		120.116589		54.625		54.625
ALA104N-ALA104CA-ALA104CB		120.105428		54.625		17.714
GLY105N-GLY105CA-GLY105CA		108.789146		46.955		46.955
MET106N-MET106CA-MET106CA		121.772029		56.158		56.158
MET106N-MET106CA-MET106CB		122.031357		56.158		30.011
ALA107N-ALA107CA-ALA107CA		120.064423		55.03		55.03
ALA107N-ALA107CA-ALA107CB		120.097764		55.03		17.492
SER108N-SER108CA-SER108CA		114.273258		61.617		61.617
SER108N-SER108CA-SER108CB		114.225587		61.617		62.493
ALA109N-ALA109CA-ALA109CA		126.306513		54.298		54.298
ALA109N-ALA109CA-ALA109CB		126.270878		54.298		17.558
LEU110N-LEU110CA-LEU110CA		115.362714		57.874		57.874
LEU110N-LEU110CA-LEU110CB		115.546756		57.874		40.727
GLU111N-GLU111CA-GLU111CA		118.817007		59.097		59.097
GLU111N-GLU111CA-GLU111CB		118.785707		59.097		29.494
ALA112N-ALA112CA-ALA112CA		122.42048		54.447		54.447
ALA112N-ALA112CA-ALA112CB		122.327915		54.447		18.647
LEU113N-LEU113CA-LEU113CA		117.487642		56.14		56.14
LEU113N-LEU113CA-LEU113CB		117.450597		56.14		43.249
GLU114N-GLU114CA-GLU114CA		118.45387		57.005		57.005
GLU114N-GLU114CA-GLU114CB		118.624094		57.005		30.079
GLY115N-GLY115CA-GLY115CA		113.450199		46.384		46.384
