Assignment		w1		w2		w3

SER2H-SER2N-MET1CA		10.381799		129.474541		55.489
SER2H-SER2N-MET1CB		14.497305		120.490137		32.848
GLU3H-GLU3N-SER2CA		11.843526		122.009001		58.593
GLU3H-GLU3N-SER2CB		9.620705		126.88407		64.057
THR4H-THR4N-GLU3CA		13.397638		122.786319		55.651
THR4H-THR4N-GLU3CB		17.767876		127.65261		32.952
VAL5H-VAL5N-THR4CA		12.450412		139.181753		60.559
VAL5H-VAL5N-THR4CB		12.546065		128.638602		71.367
ILE6H-ILE6N-VAL5CA		14.889799		128.265157		62.676
ILE6H-ILE6N-VAL5CB		10.461845		132.429578		32.202
CYS7H-CYS7N-ILE6CA		14.505269		118.809148		61.036
CYS7H-CYS7N-ILE6CB		11.271814		118.133107		38.211
SER8H-SER8N-CYS7CA		12.629995		123.98762		57.2
SER8H-SER8N-CYS7CB		18.262729		119.439933		29.518
SER9H-SER9N-SER8CA		15.221427		127.218358		57.456
SER9H-SER9N-SER8CB		13.458691		125.949544		64.863
ARG10H-ARG10N-SER9CA		17.009923		127.111422		57.852
ARG10H-ARG10N-SER9CB		13.202307		126.37088		67.332
ALA11H-ALA11N-ARG10CA		11.527114		126.781047		54.855
ALA11H-ALA11N-ARG10CB		13.623676		130.281922		32.147
THR12H-THR12N-ALA11CA		19.565592		127.725174		51.659
THR12H-THR12N-ALA11CB		11.347445		123.79021		23.157
VAL13H-VAL13N-THR12CA		13.147891		132.06964		62.584
VAL13H-VAL13N-THR12CB		11.532171		137.197035		68.781
MET14H-MET14N-VAL13CA		12.45229		132.490205		62.831
MET14H-MET14N-VAL13CB		15.475242		131.900973		31.259
LEU15H-LEU15N-MET14CA		14.12801		122.316303		53.491
LEU15H-LEU15N-MET14CB		21.528297		123.845441		36.519
TYR16H-TYR16N-LEU15CA		10.17575		135.746971		53.698
TYR16H-TYR16N-LEU15CB		10.561052		127.269802		46.369
ASP17H-ASP17N-TYR16CA		9.616105		132.468452		58.201
ASP17H-ASP17N-TYR16CB		10.110102		134.723043		38.381
ASP18H-ASP18N-ASP17CA		12.327555		131.607368		51.855
ASP18H-ASP18N-ASP17CB		13.780505		127.190866		41.313
GLY19H-GLY19N-ASP18CA		9.706022		113.39056		56.451
GLY19H-GLY19N-ASP18CB		16.166204		109.140725		41.783
ASN20H-ASN20N-GLY19CA		9.699831		117.062561		46.601
LYS21H-LYS21N-ASN20CA		12.844309		127.749889		52.87
LYS21H-LYS21N-ASN20CB		13.688013		121.151416		39.512
ARG22H-ARG22N-LYS21CA		8.439674		119.328689		56.512
ARG22H-ARG22N-LYS21CB		11.590769		118.402035		28.845
TRP23H-TRP23N-ARG22CA		18.245655		122.535324		53.919
TRP23H-TRP23N-ARG22CB		10.726403		124.046854		33.552
LEU24H-LEU24N-TRP23CA		13.223055		127.983367		56.944
LEU24H-LEU24N-TRP23CB		11.030943		126.301067		30.986
ALA26H-ALA26N-PRO25CA		24.765028		130.437858		63.092
ALA26H-ALA26N-PRO25CB		13.071968		127.328617		31.512
GLY27H-GLY27N-ALA26CA		12.883907		117.452451		51.976
GLY27H-GLY27N-ALA26CB		13.453299		112.206173		20.558
THR28H-THR28N-GLY27CA		15.569753		121.450613		44.335
GLY29H-GLY29N-THR28CA		15.477168		112.817457		60.747
GLY29H-GLY29N-THR28CB		11.381305		116.310052		71.535
GLN31H-GLN31N-PRO30CA		14.375035		127.626725		62.903
GLN31H-GLN31N-PRO30CB		16.506496		124.213501		32.193
ALA32H-ALA32N-GLN31CA		11.812786		132.098802		56.708
ALA32H-ALA32N-GLN31CB		21.014426		143.989463		28.854
PHE33H-PHE33N-ALA32CA		14.95377		120.212771		51.344
PHE33H-PHE33N-ALA32CB		13.229028		125.314179		22.619
SER34H-SER34N-PHE33CA		10.193589		123.119973		59.551
SER34H-SER34N-PHE33CB		15.300645		115.881537		41.091
ARG35H-ARG35N-SER34CA		10.588953		126.989665		59.113
ARG35H-ARG35N-SER34CB		17.07807		126.169983		66.248
VAL36H-VAL36N-ARG35CA		11.496696		134.644799		55.271
VAL36H-VAL36N-ARG35CB		15.262565		134.320984		30.118
GLN37H-GLN37N-VAL36CA		14.199619		129.068205		61.39
GLN37H-GLN37N-VAL36CB		12.994078		129.476757		32.61
ILE38H-ILE38N-GLN37CA		15.885888		122.482741		53.887
ILE38H-ILE38N-GLN37CB		9.757382		121.266578		34.389
TYR39H-TYR39N-ILE38CA		13.252419		128.52256		60.692
TYR39H-TYR39N-ILE38CB		14.527251		134.444589		39.397
HIS40H-HIS40N-TYR39CA		14.332661		126.983929		56.731
HIS40H-HIS40N-TYR39CB		19.383		127.654391		42.101
ASN41H-ASN41N-HIS40CA		12.467597		135.867003		52.293
ASN41H-ASN41N-HIS40CB		10.928585		128.222431		35.193
THR43H-THR43N-PRO42CA		11.897669		118.215919		63.941
THR43H-THR43N-PRO42CB		12.939198		117.313505		32.136
ALA44H-ALA44N-THR43CA		12.809167		130.134391		65.459
ALA44H-ALA44N-THR43CB		17.375075		126.371581		68.353
ASN45H-ASN45N-ALA44CA		11.44292		121.83552		51.536
ASN45H-ASN45N-ALA44CB		15.782198		118.117898		19.292
SER46H-SER46N-ASN45CA		13.41014		109.851508		53.705
SER46H-SER46N-ASN45CB		10.040451		112.61173		37.167
PHE47H-PHE47N-SER46CA		12.346065		122.851703		55.939
PHE47H-PHE47N-SER46CB		15.505757		121.755964		66.829
ARG48H-ARG48N-PHE47CA		13.203368		126.236483		56.725
ARG48H-ARG48N-PHE47CB		12.427655		123.709781		44.882
VAL49H-VAL49N-ARG48CA		12.678583		125.758077		54.909
VAL49H-VAL49N-ARG48CB		18.252631		131.79183		34.031
VAL50H-VAL50N-VAL49CA		15.150866		128.40819		60.855
VAL50H-VAL50N-VAL49CB		17.194134		129.811164		33.735
GLY51H-GLY51N-VAL50CA		16.827576		116.750508		60.446
GLY51H-GLY51N-VAL50CB		15.70665		121.731365		35.446
ARG52H-ARG52N-GLY51CA		10.711178		129.550663		44.938
LYS53H-LYS53N-ARG52CA		13.08071		131.465378		53.916
LYS53H-LYS53N-ARG52CB		16.06137		130.934844		33.805
MET54H-MET54N-LYS53CA		12.666975		128.552511		58.252
MET54H-MET54N-LYS53CB		15.850274		125.05384		34.989
GLN55H-GLN55N-MET54CA		17.37532		125.40554		55.343
GLN55H-GLN55N-MET54CB		12.817285		121.035865		30.261
ASP57H-ASP57N-PRO56CA		13.869544		118.267692		66.814
ASP57H-ASP57N-PRO56CB		10.812373		120.963942		31.993
GLN58H-GLN58N-ASP57CA		15.056252		123.248871		54.317
GLN58H-GLN58N-ASP57CB		10.114173		118.976259		39.78
GLN59H-GLN59N-GLN58CA		10.799388		118.582492		55.909
GLN59H-GLN59N-GLN58CB		8.170389		122.921093		28.063
VAL60H-VAL60N-GLN59CA		16.912468		129.86486		57.511
VAL60H-VAL60N-GLN59CB		17.372184		130.436174		31.176
VAL61H-VAL61N-VAL60CA		11.384793		126.137562		63.331
VAL61H-VAL61N-VAL60CB		15.424099		127.461256		31.763
ILE62H-ILE62N-VAL61CA		10.639691		124.832657		61.194
ILE62H-ILE62N-VAL61CB		13.653042		122.738785		33.183
ASN63H-ASN63N-ILE62CA		10.515184		131.667493		60.662
ASN63H-ASN63N-ILE62CB		9.72952		131.617824		39.273
CYS64H-CYS64N-ASN63CA		11.247233		131.379515		52.709
CYS64H-CYS64N-ASN63CB		13.01967		123.29011		37.6
ALA65H-ALA65N-CYS64CA		13.112597		129.645995		56.027
ALA65H-ALA65N-CYS64CB		13.628404		129.976175		31.233
ILE66H-ILE66N-ALA65CA		9.983044		125.586999		52.485
ILE66H-ILE66N-ALA65CB		15.101305		138.14408		19.507
VAL67H-VAL67N-ILE66CA		9.018168		123.130769		61.086
VAL67H-VAL67N-ILE66CB		9.667815		121.836641		37.702
ARG68H-ARG68N-VAL67CA		10.706825		123.634018		59.094
ARG68H-ARG68N-VAL67CB		10.915153		125.145596		35.304
GLY69H-GLY69N-ARG68CA		13.909735		118.218995		58.328
GLY69H-GLY69N-ARG68CB		12.410934		116.553501		30.302
VAL70H-VAL70N-GLY69CA		14.290749		125.768866		44.959
LYS71H-LYS71N-VAL70CA		13.325275		127.689467		63.926
LYS71H-LYS71N-VAL70CB		10.093589		127.599988		32.265
TYR72H-TYR72N-LYS71CA		17.026255		134.922367		54.368
TYR72H-TYR72N-LYS71CB		19.941656		136.128326		33.073
ASN73H-ASN73N-TYR72CA		20.415361		127.635943		57.624
ASN73H-ASN73N-TYR72CB		12.732371		128.006641		40.549
GLN74H-GLN74N-ASN73CA		15.962647		128.33644		52.361
GLN74H-GLN74N-ASN73CB		11.760312		149.277841		41.363
ALA75H-ALA75N-GLN74CA		11.469611		133.870871		54.567
ALA75H-ALA75N-GLN74CB		9.825387		133.170215		26.375
THR76H-THR76N-ALA75CA		18.438778		115.173709		55.83
THR76H-THR76N-ALA75CB		16.434452		119.674631		19.133
ASN78H-ASN78N-PRO77CA		8.185625		111.336878		65.271
ASN78H-ASN78N-PRO77CB		12.414903		110.975691		31.964
PHE79H-PHE79N-ASN78CA		13.921689		127.934227		53.077
PHE79H-PHE79N-ASN78CB		18.273058		128.969006		40.441
HIS80H-HIS80N-PHE79CA		13.159043		133.01402		56.763
HIS80H-HIS80N-PHE79CB		9.623848		135.551691		40.939
GLN81H-GLN81N-HIS80CA		12.63679		118.337624		51.688
GLN81H-GLN81N-HIS80CB		14.492613		124.804896		35.309
TRP82H-TRP82N-GLN81CA		12.134597		122.199304		54.252
TRP82H-TRP82N-GLN81CB		13.566064		132.15597		33.853
ARG83H-ARG83N-TRP82CA		15.603658		126.377447		57.803
ARG83H-ARG83N-TRP82CB		9.147042		125.448307		32.955
ASP84H-ASP84N-ARG83CA		19.097361		138.028423		54.835
ASP84H-ASP84N-ARG83CB		12.327005		128.321212		33.292
ALA85H-ALA85N-ASP84CA		11.705217		125.891211		52.667
ALA85H-ALA85N-ASP84CB		16.209504		128.083625		42.816
ARG86H-ARG86N-ALA85CA		11.529043		117.26138		55.008
ARG86H-ARG86N-ALA85CB		12.860262		128.803241		18.366
GLN87H-GLN87N-ARG86CA		15.941744		120.852852		56.544
GLN87H-GLN87N-ARG86CB		12.469182		123.05791		32.381
VAL88H-VAL88N-GLN87CA		13.133449		126.497022		55.072
VAL88H-VAL88N-GLN87CB		10.309071		123.402033		31.909
TRP89H-TRP89N-VAL88CA		14.670656		136.304647		61.738
TRP89H-TRP89N-VAL88CB		9.654012		135.752465		32.668
GLY90H-GLY90N-TRP89CA		12.153987		111.5781		55.654
GLY90H-GLY90N-TRP89CB		11.708607		115.04808		31.535
LEU91H-LEU91N-GLY90CA		14.116705		124.884693		44.355
ASN92H-ASN92N-LEU91CA		10.660111		129.410433		52.646
ASN92H-ASN92N-LEU91CB		14.139123		128.27615		44.606
PHE93H-PHE93N-ASN92CA		11.296412		130.387948		50.977
PHE93H-PHE93N-ASN92CB		19.478226		128.394744		39.785
GLY94H-GLY94N-PHE93CA		14.677354		108.797338		59.816
GLY94H-GLY94N-PHE93CB		10.369873		108.227814		41.723
SER95H-SER95N-GLY94CA		9.514558		111.508233		46.362
LYS96H-LYS96N-SER95CA		19.778127		125.5327		57.013
LYS96H-LYS96N-SER95CB		18.593339		126.981101		66.501
GLU97H-GLU97N-LYS96CA		13.409913		122.829382		59.083
GLU97H-GLU97N-LYS96CB		9.780547		124.029058		32.053
ASP98H-ASP98N-GLU97CA		11.055385		123.453765		60.601
ASP98H-ASP98N-GLU97CB		11.166157		122.391363		28.533
ALA99H-ALA99N-ASP98CA		10.755		124.057301		57.799
ALA99H-ALA99N-ASP98CB		10.276471		134.874195		42.138
ALA100H-ALA100N-ALA99CA		17.835955		125.476226		53.831
ALA100H-ALA100N-ALA99CB		12.010205		122.424787		19.855
GLN101H-GLN101N-ALA100CA		13.826413		118.494788		54.763
GLN101H-GLN101N-ALA100CB		13.608897		118.767684		18.2
PHE102H-PHE102N-GLN101CA		8.819953		129.842069		58.601
PHE102H-PHE102N-GLN101CB		13.683806		124.778095		28.439
ALA103H-ALA103N-PHE102CA		16.411996		128.319206		62.078
ALA103H-ALA103N-PHE102CB		15.745096		130.475841		40.21
ALA104H-ALA104N-ALA103CA		15.654649		123.132294		55.174
ALA104H-ALA104N-ALA103CB		10.562449		126.393105		18.25
GLY105H-GLY105N-ALA104CA		9.477206		113.418603		54.625
GLY105H-GLY105N-ALA104CB		14.705304		113.923704		17.714
MET106H-MET106N-GLY105CA		17.465898		122.740128		46.955
ALA107H-ALA107N-MET106CA		11.776151		122.621865		56.158
ALA107H-ALA107N-MET106CB		8.746892		125.795322		30.011
SER108H-SER108N-ALA107CA		11.297422		118.663673		55.03
SER108H-SER108N-ALA107CB		14.725358		118.568879		17.492
ALA109H-ALA109N-SER108CA		9.895931		131.260278		61.617
ALA109H-ALA109N-SER108CB		19.690299		133.728393		62.493
LEU110H-LEU110N-ALA109CA		19.442416		123.369905		54.298
LEU110H-LEU110N-ALA109CB		13.94051		122.619239		17.558
GLU111H-GLU111N-LEU110CA		17.375246		121.235223		57.874
GLU111H-GLU111N-LEU110CB		10.747212		121.396951		40.727
ALA112H-ALA112N-GLU111CA		10.061589		131.651785		59.097
ALA112H-ALA112N-GLU111CB		11.174569		126.757016		29.494
LEU113H-LEU113N-ALA112CA		11.691411		124.967705		54.447
LEU113H-LEU113N-ALA112CB		10.010042		120.552607		18.647
GLU114H-GLU114N-LEU113CA		9.830479		122.057607		56.14
GLU114H-GLU114N-LEU113CB		10.938525		122.421666		43.249
GLY115H-GLY115N-GLU114CA		13.784935		117.580452		57.005
GLY115H-GLY115N-GLU114CB		13.665382		117.081393		30.079
