Assignment		w1		w2		w3

SER2H-SER2N-MET1CA		8.224928		117.191878		55.489
SER2H-SER2N-MET1CB		8.222842		117.205467		32.848
GLU3H-GLU3N-SER2CA		8.003061		119.835217		58.593
GLU3H-GLU3N-SER2CB		8.003577		119.851186		64.057
THR4H-THR4N-GLU3CA		8.956142		117.220584		55.651
THR4H-THR4N-GLU3CB		8.958079		117.210132		32.952
VAL5H-VAL5N-THR4CA		8.633906		125.979775		60.559
VAL5H-VAL5N-THR4CB		8.633195		125.980389		71.367
ILE6H-ILE6N-VAL5CA		8.929034		124.304211		62.676
ILE6H-ILE6N-VAL5CB		8.929325		124.268132		32.202
CYS7H-CYS7N-ILE6CA		7.249817		114.88527		61.036
CYS7H-CYS7N-ILE6CB		7.248351		114.876141		38.211
SER8H-SER8N-CYS7CA		8.557884		117.873809		57.2
SER8H-SER8N-CYS7CB		8.558473		117.874438		29.518
SER9H-SER9N-SER8CA		9.231345		120.236101		57.456
SER9H-SER9N-SER8CB		9.230952		120.221232		64.863
ARG10H-ARG10N-SER9CA		8.846116		124.811958		57.852
ARG10H-ARG10N-SER9CB		8.844769		124.82598		67.332
ALA11H-ALA11N-ARG10CA		9.181342		125.918016		54.855
ALA11H-ALA11N-ARG10CB		9.181951		125.929545		32.147
THR12H-THR12N-ALA11CA		8.952366		119.334254		51.659
THR12H-THR12N-ALA11CB		8.951341		119.339229		23.157
VAL13H-VAL13N-THR12CA		8.284271		128.221551		62.584
VAL13H-VAL13N-THR12CB		8.281423		128.235084		68.781
MET14H-MET14N-VAL13CA		9.940086		130.058103		62.831
MET14H-MET14N-VAL13CB		9.937839		130.037601		31.259
LEU15H-LEU15N-MET14CA		9.651023		121.525284		53.491
LEU15H-LEU15N-MET14CB		9.649216		121.50894		36.519
TYR16H-TYR16N-LEU15CA		8.135561		125.377784		53.698
TYR16H-TYR16N-LEU15CB		8.134477		125.36207		46.369
ASP17H-ASP17N-TYR16CA		8.108566		128.660622		58.201
ASP17H-ASP17N-TYR16CB		8.108372		128.674123		38.381
ASP18H-ASP18N-ASP17CA		8.332332		124.098347		51.855
ASP18H-ASP18N-ASP17CB		8.332895		124.11077		41.313
GLY19H-GLY19N-ASP18CA		8.33715		106.993604		56.451
GLY19H-GLY19N-ASP18CB		8.337754		106.991088		41.783
ASN20H-ASN20N-GLY19CA		7.303531		116.003695		46.601
LYS21H-LYS21N-ASN20CA		7.678169		118.55604		52.87
LYS21H-LYS21N-ASN20CB		7.675108		118.564961		39.512
ARG22H-ARG22N-LYS21CA		6.982232		114.115049		56.512
ARG22H-ARG22N-LYS21CB		6.984064		114.086251		28.845
TRP23H-TRP23N-ARG22CA		8.707701		121.871896		53.919
TRP23H-TRP23N-ARG22CB		8.708336		121.884105		33.552
LEU24H-LEU24N-TRP23CA		9.121051		123.52174		56.944
LEU24H-LEU24N-TRP23CB		9.121941		123.513522		30.986
ALA26H-ALA26N-PRO25CA		8.410171		126.250909		63.092
ALA26H-ALA26N-PRO25CB		8.410581		126.26502		31.512
GLY27H-GLY27N-ALA26CA		8.904441		110.869168		51.976
GLY27H-GLY27N-ALA26CB		8.906152		110.876611		20.558
THR28H-THR28N-GLY27CA		8.690793		111.796068		44.335
GLY29H-GLY29N-THR28CA		8.527731		109.580034		60.747
GLY29H-GLY29N-THR28CB		8.52829		109.5611		71.535
GLN31H-GLN31N-PRO30CA		8.478264		122.60824		62.903
GLN31H-GLN31N-PRO30CB		8.479432		122.588396		32.193
ALA32H-ALA32N-GLN31CA		8.862796		127.22921		56.708
ALA32H-ALA32N-GLN31CB		8.861945		127.222157		28.854
PHE33H-PHE33N-ALA32CA		8.571576		118.416497		51.344
PHE33H-PHE33N-ALA32CB		8.570402		118.402283		22.619
SER34H-SER34N-PHE33CA		8.831272		115.292835		59.551
SER34H-SER34N-PHE33CB		8.831419		115.287254		41.091
ARG35H-ARG35N-SER34CA		8.576346		122.614778		59.113
ARG35H-ARG35N-SER34CB		8.576789		122.592322		66.248
VAL36H-VAL36N-ARG35CA		9.425344		129.718216		55.271
VAL36H-VAL36N-ARG35CB		9.424844		129.726018		30.118
GLN37H-GLN37N-VAL36CA		9.170011		124.246994		61.39
GLN37H-GLN37N-VAL36CB		9.169167		124.240613		32.61
ILE38H-ILE38N-GLN37CA		7.603565		118.447148		53.887
ILE38H-ILE38N-GLN37CB		7.601399		118.461006		34.389
TYR39H-TYR39N-ILE38CA		9.484891		127.03356		60.692
TYR39H-TYR39N-ILE38CB		9.484886		127.019181		39.397
HIS40H-HIS40N-TYR39CA		9.538165		122.198887		56.731
HIS40H-HIS40N-TYR39CB		9.536418		122.184358		42.101
ASN41H-ASN41N-HIS40CA		8.510274		126.048168		52.293
ASN41H-ASN41N-HIS40CB		8.510931		126.050307		35.193
THR43H-THR43N-PRO42CA		7.729513		114.125637		63.941
THR43H-THR43N-PRO42CB		7.727199		114.147029		32.136
ALA44H-ALA44N-THR43CA		6.950862		122.007816		65.459
ALA44H-ALA44N-THR43CB		6.950628		122.007066		68.353
ASN45H-ASN45N-ALA44CA		7.921921		117.273969		51.536
ASN45H-ASN45N-ALA44CB		7.921615		117.267825		19.292
SER46H-SER46N-ASN45CA		7.552255		109.429688		53.705
SER46H-SER46N-ASN45CB		7.551809		109.449224		37.167
PHE47H-PHE47N-SER46CA		9.371793		120.031789		55.939
PHE47H-PHE47N-SER46CB		9.370783		120.020613		66.829
ARG48H-ARG48N-PHE47CA		8.922966		119.138866		56.725
ARG48H-ARG48N-PHE47CB		8.921119		119.127745		44.882
VAL49H-VAL49N-ARG48CA		9.211089		122.811791		54.909
VAL49H-VAL49N-ARG48CB		9.212575		122.817282		34.031
VAL50H-VAL50N-VAL49CA		8.878526		125.222771		60.855
VAL50H-VAL50N-VAL49CB		8.880387		125.226065		33.735
GLY51H-GLY51N-VAL50CA		9.054927		116.058084		60.446
GLY51H-GLY51N-VAL50CB		9.053031		116.074012		35.446
ARG52H-ARG52N-GLY51CA		8.13224		123.670294		44.938
LYS53H-LYS53N-ARG52CA		9.186392		125.431713		53.916
LYS53H-LYS53N-ARG52CB		9.187013		125.398665		33.805
MET54H-MET54N-LYS53CA		8.932371		122.505728		58.252
MET54H-MET54N-LYS53CB		8.934456		122.491786		34.989
GLN55H-GLN55N-MET54CA		8.292864		120.553494		55.343
GLN55H-GLN55N-MET54CB		8.293749		120.544879		30.261
ASP57H-ASP57N-PRO56CA		8.25791		113.237785		66.814
ASP57H-ASP57N-PRO56CB		8.257642		113.23226		31.993
GLN58H-GLN58N-ASP57CA		8.383217		116.233694		54.317
GLN58H-GLN58N-ASP57CB		8.384023		116.225249		39.78
GLN59H-GLN59N-GLN58CA		7.490249		116.337286		55.909
GLN59H-GLN59N-GLN58CB		7.489118		116.333931		28.063
VAL60H-VAL60N-GLN59CA		8.79005		127.344722		57.511
VAL60H-VAL60N-GLN59CB		8.791071		127.360293		31.176
VAL61H-VAL61N-VAL60CA		8.432681		120.569167		63.331
VAL61H-VAL61N-VAL60CB		8.431805		120.600678		31.763
ILE62H-ILE62N-VAL61CA		7.259145		116.906238		61.194
ILE62H-ILE62N-VAL61CB		7.260777		116.921183		33.183
ASN63H-ASN63N-ILE62CA		8.17795		125.561545		60.662
ASN63H-ASN63N-ILE62CB		8.178067		125.567069		39.273
CYS64H-CYS64N-ASN63CA		8.894135		120.237772		52.709
CYS64H-CYS64N-ASN63CB		8.895045		120.24241		37.6
ALA65H-ALA65N-CYS64CA		8.891132		127.398257		56.027
ALA65H-ALA65N-CYS64CB		8.888682		127.393049		31.233
ILE66H-ILE66N-ALA65CA		8.214675		123.520896		52.485
ILE66H-ILE66N-ALA65CB		8.214854		123.519537		19.507
VAL67H-VAL67N-ILE66CA		6.835405		118.361029		61.086
VAL67H-VAL67N-ILE66CB		6.834911		118.369722		37.702
ARG68H-ARG68N-VAL67CA		8.485582		120.014753		59.094
ARG68H-ARG68N-VAL67CB		8.485066		120.01213		35.304
GLY69H-GLY69N-ARG68CA		9.048298		113.924639		58.328
GLY69H-GLY69N-ARG68CB		9.052143		113.927342		30.302
VAL70H-VAL70N-GLY69CA		7.526179		121.643804		44.959
LYS71H-LYS71N-VAL70CA		8.47136		126.49489		63.926
LYS71H-LYS71N-VAL70CB		8.47131		126.513801		32.265
TYR72H-TYR72N-LYS71CA		8.761996		128.263987		54.368
TYR72H-TYR72N-LYS71CB		8.760446		128.272725		33.073
ASN73H-ASN73N-TYR72CA		9.140538		127.058624		57.624
ASN73H-ASN73N-TYR72CB		9.141947		127.053785		40.549
GLN74H-GLN74N-ASN73CA		8.779143		125.74381		52.361
GLN74H-GLN74N-ASN73CB		8.779945		125.731565		41.363
ALA75H-ALA75N-GLN74CA		7.752958		129.814011		54.567
ALA75H-ALA75N-GLN74CB		7.752371		129.805613		26.375
THR76H-THR76N-ALA75CA		8.786754		109.942663		55.83
THR76H-THR76N-ALA75CB		8.786487		109.948448		19.133
ASN78H-ASN78N-PRO77CA		7.834285		109.680712		65.271
ASN78H-ASN78N-PRO77CB		7.838254		109.679982		31.964
PHE79H-PHE79N-ASN78CA		7.908774		123.281752		53.077
PHE79H-PHE79N-ASN78CB		7.908618		123.291077		40.441
HIS80H-HIS80N-PHE79CA		8.095063		126.281365		56.763
HIS80H-HIS80N-PHE79CB		8.096594		126.295785		40.939
GLN81H-GLN81N-HIS80CA		8.817552		115.648226		51.688
GLN81H-GLN81N-HIS80CB		8.814991		115.695214		35.309
TRP82H-TRP82N-GLN81CA		9.105917		119.851468		54.252
TRP82H-TRP82N-GLN81CB		9.106182		119.805488		33.853
ARG83H-ARG83N-TRP82CA		8.46494		120.077962		57.803
ARG83H-ARG83N-TRP82CB		8.463995		119.970197		32.955
ASP84H-ASP84N-ARG83CA		8.932399		126.611933		54.835
ASP84H-ASP84N-ARG83CB		8.941216		126.582234		33.292
ALA85H-ALA85N-ASP84CA		8.509745		121.323148		52.667
ALA85H-ALA85N-ASP84CB		8.519488		121.378561		42.816
ARG86H-ARG86N-ALA85CA		8.645321		116.887771		55.008
ARG86H-ARG86N-ALA85CB		8.644296		117.066216		18.366
GLN87H-GLN87N-ARG86CA		8.627912		119.863525		56.544
GLN87H-GLN87N-ARG86CB		8.622279		119.818257		32.381
VAL88H-VAL88N-GLN87CA		8.186356		121.543696		55.072
VAL88H-VAL88N-GLN87CB		8.193953		121.482672		31.909
TRP89H-TRP89N-VAL88CA		8.4532		127.563232		61.738
TRP89H-TRP89N-VAL88CB		8.460666		127.474063		32.668
GLY90H-GLY90N-TRP89CA		8.950691		106.61526		55.654
GLY90H-GLY90N-TRP89CB		8.948977		106.563856		31.535
LEU91H-LEU91N-GLY90CA		8.487042		121.886824		44.355
ASN92H-ASN92N-LEU91CA		8.085473		120.042187		52.646
ASN92H-ASN92N-LEU91CB		8.080274		120.024655		44.606
PHE93H-PHE93N-ASN92CA		9.020696		124.439461		50.977
PHE93H-PHE93N-ASN92CB		9.023613		124.312244		39.785
GLY94H-GLY94N-PHE93CA		9.174824		107.353679		59.816
GLY94H-GLY94N-PHE93CB		9.178041		107.318517		41.723
SER95H-SER95N-GLY94CA		7.62285		110.374643		46.362
LYS96H-LYS96N-SER95CA		9.118615		122.935517		57.013
LYS96H-LYS96N-SER95CB		9.121658		122.791888		66.501
GLU97H-GLU97N-LYS96CA		8.866405		122.145065		59.083
GLU97H-GLU97N-LYS96CB		8.871525		122.067551		32.053
ASP98H-ASP98N-GLU97CA		7.866461		120.794247		60.601
ASP98H-ASP98N-GLU97CB		7.866408		120.76365		28.533
ALA99H-ALA99N-ASP98CA		7.186905		122.702246		57.799
ALA99H-ALA99N-ASP98CB		7.182996		122.713309		42.138
ALA100H-ALA100N-ALA99CA		8.009148		119.681644		53.831
ALA100H-ALA100N-ALA99CB		8.005773		119.708274		19.855
GLN101H-GLN101N-ALA100CA		7.990721		117.600049		54.763
GLN101H-GLN101N-ALA100CB		7.994471		117.565426		18.2
PHE102H-PHE102N-GLN101CA		7.786302		122.77118		58.601
PHE102H-PHE102N-GLN101CB		7.781792		122.698808		28.439
ALA103H-ALA103N-PHE102CA		8.643622		120.275637		62.078
ALA103H-ALA103N-PHE102CB		8.649614		120.22563		40.21
ALA104H-ALA104N-ALA103CA		7.734629		120.011558		55.174
ALA104H-ALA104N-ALA103CB		7.726904		120.088291		18.25
GLY105H-GLY105N-ALA104CA		7.608869		108.743933		54.625
GLY105H-GLY105N-ALA104CB		7.627025		108.817379		17.714
MET106H-MET106N-GLY105CA		8.125387		121.948981		46.955
ALA107H-ALA107N-MET106CA		7.952368		120.12232		56.158
ALA107H-ALA107N-MET106CB		7.954387		120.147361		30.011
SER108H-SER108N-ALA107CA		7.622507		114.218963		55.03
SER108H-SER108N-ALA107CB		7.623328		114.232621		17.492
ALA109H-ALA109N-SER108CA		7.570049		126.304973		61.617
ALA109H-ALA109N-SER108CB		7.569802		126.295501		62.493
LEU110H-LEU110N-ALA109CA		8.032824		115.420655		54.298
LEU110H-LEU110N-ALA109CB		8.023176		115.489211		17.558
GLU111H-GLU111N-LEU110CA		7.880734		118.780782		57.874
GLU111H-GLU111N-LEU110CB		7.878459		118.766522		40.727
ALA112H-ALA112N-GLU111CA		7.518597		122.335668		59.097
ALA112H-ALA112N-GLU111CB		7.517814		122.28512		29.494
LEU113H-LEU113N-ALA112CA		7.783445		117.467176		54.447
LEU113H-LEU113N-ALA112CB		7.790645		117.473061		18.647
GLU114H-GLU114N-LEU113CA		7.619118		118.53603		56.14
GLU114H-GLU114N-LEU113CB		7.620048		118.520476		43.249
GLY115H-GLY115N-GLU114CA		7.583298		113.377639		57.005
GLY115H-GLY115N-GLU114CB		7.590967		113.45668		30.079
