Assignment		w1		w2		w3

SER2H-SER2N-MET1CA		8.223296		117.194356		55.504647
SER2H-SER2N-MET1CB		8.224844		117.196836		32.829299
GLU3H-GLU3N-SER2CA		8.002933		119.841816		58.587241
GLU3H-GLU3N-SER2CB		8.001558		119.828856		64.062898
THR4H-THR4N-GLU3CA		8.957141		117.2126		55.638959
THR4H-THR4N-GLU3CB		8.955006		117.218635		32.951951
VAL5H-VAL5N-THR4CA		8.632625		125.967384		60.542524
VAL5H-VAL5N-THR4CB		8.633635		125.978873		71.374501
ILE6H-ILE6N-VAL5CA		8.929257		124.274357		62.684174
ILE6H-ILE6N-VAL5CB		8.932423		124.295903		32.215625
CYS7H-CYS7N-ILE6CA		7.249422		114.875054		61.048997
CYS7H-CYS7N-ILE6CB		7.252175		114.905729		38.220866
SER8H-SER8N-CYS7CA		8.556304		117.867325		57.198097
SER8H-SER8N-CYS7CB		8.558027		117.856238		29.510279
SER9H-SER9N-SER8CA		9.229647		120.240414		57.462619
SER9H-SER9N-SER8CB		9.229052		120.246605		64.849393
ARG10H-ARG10N-SER9CA		8.844527		124.797483		57.845766
ARG10H-ARG10N-SER9CB		8.845482		124.804807		67.336463
ALA11H-ALA11N-ARG10CA		9.180341		125.914994		54.854554
ALA11H-ALA11N-ARG10CB		9.179508		125.907292		32.151236
THR12H-THR12N-ALA11CA		8.952965		119.345101		51.663864
THR12H-THR12N-ALA11CB		8.952704		119.348631		23.156094
VAL13H-VAL13N-THR12CA		8.283164		128.241187		62.58702
VAL13H-VAL13N-THR12CB		8.283088		128.266142		68.780733
MET14H-MET14N-VAL13CA		9.938388		130.047073		62.832047
MET14H-MET14N-VAL13CB		9.939878		130.042792		31.258788
LEU15H-LEU15N-MET14CA		9.648763		121.502594		53.482344
LEU15H-LEU15N-MET14CB		9.649893		121.501908		36.511757
TYR16H-TYR16N-LEU15CA		8.134764		125.376178		53.682473
TYR16H-TYR16N-LEU15CB		8.134245		125.386591		46.368565
ASP17H-ASP17N-TYR16CA		8.107758		128.676772		58.209583
ASP17H-ASP17N-TYR16CB		8.107876		128.687367		38.38946
ASP18H-ASP18N-ASP17CA		8.333837		124.117855		51.844911
ASP18H-ASP18N-ASP17CB		8.331226		124.092716		41.311319
GLY19H-GLY19N-ASP18CA		8.335646		107.001889		56.450967
GLY19H-GLY19N-ASP18CB		8.337454		106.988544		41.793204
ASN20H-ASN20N-GLY19CA		7.304039		116.000566		46.613574
LYS21H-LYS21N-ASN20CA		7.67579		118.562391		52.874038
LYS21H-LYS21N-ASN20CB		7.67632		118.570185		39.533887
ARG22H-ARG22N-LYS21CA		6.983674		114.105011		56.500077
ARG22H-ARG22N-LYS21CB		6.985771		114.102155		28.839653
TRP23H-TRP23N-ARG22CA		8.708687		121.868815		53.9169
TRP23H-TRP23N-ARG22CB		8.707077		121.849072		33.551291
LEU24H-LEU24N-TRP23CA		9.121096		123.510904		56.947133
LEU24H-LEU24N-TRP23CB		9.120941		123.5244		30.989186
ALA26H-ALA26N-PRO25CA		8.408737		126.289425		63.087308
ALA26H-ALA26N-PRO25CB		8.411624		126.257186		31.501173
GLY27H-GLY27N-ALA26CA		8.905226		110.889808		51.976497
GLY27H-GLY27N-ALA26CB		8.905956		110.872551		20.568465
THR28H-THR28N-GLY27CA		8.689927		111.790315		44.337412
GLY29H-GLY29N-THR28CA		8.527502		109.584696		60.736388
GLY29H-GLY29N-THR28CB		8.527222		109.582376		71.523108
GLN31H-GLN31N-PRO30CA		8.479791		122.591977		62.908427
GLN31H-GLN31N-PRO30CB		8.477289		122.593027		32.20355
ALA32H-ALA32N-GLN31CA		8.862272		127.221482		56.700154
ALA32H-ALA32N-GLN31CB		8.863668		127.209939		28.865352
PHE33H-PHE33N-ALA32CA		8.570089		118.413321		51.344352
PHE33H-PHE33N-ALA32CB		8.569307		118.397991		22.613241
SER34H-SER34N-PHE33CA		8.830468		115.313131		59.561613
SER34H-SER34N-PHE33CB		8.830189		115.303617		41.077661
ARG35H-ARG35N-SER34CA		8.574176		122.600505		59.112053
ARG35H-ARG35N-SER34CB		8.575707		122.602981		66.242716
VAL36H-VAL36N-ARG35CA		9.423438		129.729541		55.267632
VAL36H-VAL36N-ARG35CB		9.423451		129.715433		30.131615
GLN37H-GLN37N-VAL36CA		9.172354		124.265283		61.378618
GLN37H-GLN37N-VAL36CB		9.17136		124.258329		32.606782
ILE38H-ILE38N-GLN37CA		7.602518		118.442667		53.892875
ILE38H-ILE38N-GLN37CB		7.60322		118.469402		34.403146
TYR39H-TYR39N-ILE38CA		9.48685		127.00557		60.693862
TYR39H-TYR39N-ILE38CB		9.484122		127.007507		39.407875
HIS40H-HIS40N-TYR39CA		9.53709		122.221093		56.714585
HIS40H-HIS40N-TYR39CB		9.53842		122.198019		42.09814
ASN41H-ASN41N-HIS40CA		8.510255		126.05441		52.281418
ASN41H-ASN41N-HIS40CB		8.510411		126.044132		35.196097
THR43H-THR43N-PRO42CA		7.727599		114.125006		63.953126
THR43H-THR43N-PRO42CB		7.726718		114.133454		32.142797
ALA44H-ALA44N-THR43CA		6.949251		122.009173		65.452622
ALA44H-ALA44N-THR43CB		6.950743		122.008694		68.356955
ASN45H-ASN45N-ALA44CA		7.922049		117.272925		51.52548
ASN45H-ASN45N-ALA44CB		7.920381		117.239461		19.292078
SER46H-SER46N-ASN45CA		7.552715		109.469616		53.698291
SER46H-SER46N-ASN45CB		7.550917		109.434437		37.178484
PHE47H-PHE47N-SER46CA		9.371783		120.019105		55.939004
PHE47H-PHE47N-SER46CB		9.371824		120.021103		66.823147
ARG48H-ARG48N-PHE47CA		8.922559		119.118127		56.733952
ARG48H-ARG48N-PHE47CB		8.921508		119.120359		44.886248
VAL49H-VAL49N-ARG48CA		9.210898		122.81529		54.924444
VAL49H-VAL49N-ARG48CB		9.212213		122.803056		34.018351
VAL50H-VAL50N-VAL49CA		8.880634		125.228876		60.85918
VAL50H-VAL50N-VAL49CB		8.878795		125.222135		33.724127
GLY51H-GLY51N-VAL50CA		9.053958		116.070583		60.440085
GLY51H-GLY51N-VAL50CB		9.055065		116.060076		35.456349
ARG52H-ARG52N-GLY51CA		8.133132		123.676958		44.942959
LYS53H-LYS53N-ARG52CA		9.185918		125.409635		53.911909
LYS53H-LYS53N-ARG52CB		9.187014		125.425219		33.797466
MET54H-MET54N-LYS53CA		8.932492		122.473203		58.247679
MET54H-MET54N-LYS53CB		8.933287		122.489599		34.985249
GLN55H-GLN55N-MET54CA		8.291023		120.547335		55.336843
GLN55H-GLN55N-MET54CB		8.293618		120.570529		30.259086
ASP57H-ASP57N-PRO56CA		8.260971		113.255135		66.819497
ASP57H-ASP57N-PRO56CB		8.257993		113.252125		31.991591
GLN58H-GLN58N-ASP57CA		8.384415		116.241593		54.318862
GLN58H-GLN58N-ASP57CB		8.38529		116.232098		39.773598
GLN59H-GLN59N-GLN58CA		7.48975		116.337957		55.917697
GLN59H-GLN59N-GLN58CB		7.48873		116.336102		28.062377
VAL60H-VAL60N-GLN59CA		8.791409		127.330629		57.521902
VAL60H-VAL60N-GLN59CB		8.789505		127.345756		31.175139
VAL61H-VAL61N-VAL60CA		8.431959		120.580936		63.333695
VAL61H-VAL61N-VAL60CB		8.432432		120.59693		31.766204
ILE62H-ILE62N-VAL61CA		7.259611		116.884984		61.196396
ILE62H-ILE62N-VAL61CB		7.259262		116.918381		33.178798
ASN63H-ASN63N-ILE62CA		8.177301		125.549653		60.667086
ASN63H-ASN63N-ILE62CB		8.17572		125.561905		39.286221
CYS64H-CYS64N-ASN63CA		8.896147		120.22652		52.70026
CYS64H-CYS64N-ASN63CB		8.896038		120.244257		37.573972
ALA65H-ALA65N-CYS64CA		8.88938		127.398729		56.017355
ALA65H-ALA65N-CYS64CB		8.889648		127.41395		31.228302
ILE66H-ILE66N-ALA65CA		8.216562		123.52759		52.490812
ILE66H-ILE66N-ALA65CB		8.21703		123.532897		19.50479
VAL67H-VAL67N-ILE66CA		6.834089		118.352589		61.076465
VAL67H-VAL67N-ILE66CB		6.832844		118.361663		37.705922
ARG68H-ARG68N-VAL67CA		8.487646		120.02059		59.095044
ARG68H-ARG68N-VAL67CB		8.48613		120.033529		35.305309
GLY69H-GLY69N-ARG68CA		9.048769		113.917138		58.327191
GLY69H-GLY69N-ARG68CB		9.051866		113.916176		30.281644
VAL70H-VAL70N-GLY69CA		7.529593		121.637746		44.950132
LYS71H-LYS71N-VAL70CA		8.470511		126.488323		63.936363
LYS71H-LYS71N-VAL70CB		8.470796		126.515454		32.267813
TYR72H-TYR72N-LYS71CA		8.761526		128.278027		54.369518
TYR72H-TYR72N-LYS71CB		8.760268		128.277126		33.084817
ASN73H-ASN73N-TYR72CA		9.140808		127.070235		57.633893
ASN73H-ASN73N-TYR72CB		9.140165		127.059727		40.561396
GLN74H-GLN74N-ASN73CA		8.78108		125.744981		52.363925
GLN74H-GLN74N-ASN73CB		8.781428		125.738149		41.350238
ALA75H-ALA75N-GLN74CA		7.753288		129.800795		54.569526
ALA75H-ALA75N-GLN74CB		7.751496		129.799539		26.372359
THR76H-THR76N-ALA75CA		8.787848		109.947909		55.842943
THR76H-THR76N-ALA75CB		8.788215		109.941794		19.124724
ASN78H-ASN78N-PRO77CA		7.835492		109.682716		65.268283
ASN78H-ASN78N-PRO77CB		7.835635		109.695686		31.978515
PHE79H-PHE79N-ASN78CA		7.909257		123.303815		53.082535
PHE79H-PHE79N-ASN78CB		7.910828		123.282587		40.443579
HIS80H-HIS80N-PHE79CA		8.094127		126.282925		56.7706
HIS80H-HIS80N-PHE79CB		8.094321		126.293004		40.9542
GLN81H-GLN81N-HIS80CA		8.822427		115.628848		51.679602
GLN81H-GLN81N-HIS80CB		8.822921		115.62965		35.30397
TRP82H-TRP82N-GLN81CA		9.102809		119.774424		54.269651
TRP82H-TRP82N-GLN81CB		9.103573		119.805731		33.853556
ARG83H-ARG83N-TRP82CA		8.470253		120.041584		57.799976
ARG83H-ARG83N-TRP82CB		8.469317		120.055382		32.95816
ASP84H-ASP84N-ARG83CA		8.941342		126.655775		54.839081
ASP84H-ASP84N-ARG83CB		8.940928		126.639862		33.282291
ALA85H-ALA85N-ASP84CA		8.516498		121.37815		52.655817
ALA85H-ALA85N-ASP84CB		8.518177		121.380549		42.815564
ARG86H-ARG86N-ALA85CA		8.644972		116.994614		55.002831
ARG86H-ARG86N-ALA85CB		8.644192		116.986652		18.36863
GLN87H-GLN87N-ARG86CA		8.618768		119.855682		56.561115
GLN87H-GLN87N-ARG86CB		8.620386		119.845403		32.384024
VAL88H-VAL88N-GLN87CA		8.191945		121.513899		55.054839
VAL88H-VAL88N-GLN87CB		8.191204		121.517179		31.893373
TRP89H-TRP89N-VAL88CA		8.461492		127.547481		61.746025
TRP89H-TRP89N-VAL88CB		8.463154		127.544326		32.667142
GLY90H-GLY90N-TRP89CA		8.948702		106.599612		55.657622
GLY90H-GLY90N-TRP89CB		8.948609		106.589183		31.526605
LEU91H-LEU91N-GLY90CA		8.48325		121.873192		44.344459
ASN92H-ASN92N-LEU91CA		8.080631		120.036944		52.637989
ASN92H-ASN92N-LEU91CB		8.080726		120.041331		44.614682
PHE93H-PHE93N-ASN92CA		9.019299		124.401436		50.972333
PHE93H-PHE93N-ASN92CB		9.021519		124.416461		39.775163
GLY94H-GLY94N-PHE93CA		9.17806		107.352738		59.806435
GLY94H-GLY94N-PHE93CB		9.178168		107.364493		41.721499
SER95H-SER95N-GLY94CA		7.622512		110.318111		46.346989
LYS96H-LYS96N-SER95CA		9.118256		122.925659		57.006724
LYS96H-LYS96N-SER95CB		9.118798		122.910781		66.527534
GLU97H-GLU97N-LYS96CA		8.870394		122.070347		59.099076
GLU97H-GLU97N-LYS96CB		8.870044		122.095586		32.054735
ASP98H-ASP98N-GLU97CA		7.870607		120.721748		60.617625
ASP98H-ASP98N-GLU97CB		7.871012		120.745587		28.536447
ALA99H-ALA99N-ASP98CA		7.18097		122.785327		57.800706
ALA99H-ALA99N-ASP98CB		7.178777		122.752571		42.14087
ALA100H-ALA100N-ALA99CA		8.011169		119.654374		53.825094
ALA100H-ALA100N-ALA99CB		8.012209		119.669389		19.856428
GLN101H-GLN101N-ALA100CA		7.990272		117.570253		54.752087
GLN101H-GLN101N-ALA100CB		7.991014		117.5583		18.200125
PHE102H-PHE102N-GLN101CA		7.779437		122.718913		58.617826
PHE102H-PHE102N-GLN101CB		7.778819		122.728999		28.452693
ALA103H-ALA103N-PHE102CA		8.653247		120.233911		62.09034
ALA103H-ALA103N-PHE102CB		8.652059		120.21507		40.214961
ALA104H-ALA104N-ALA103CA		7.723416		120.051297		55.187744
ALA104H-ALA104N-ALA103CB		7.724623		120.05695		18.237767
GLY105H-GLY105N-ALA104CA		7.623964		108.804953		54.627439
GLY105H-GLY105N-ALA104CB		7.623767		108.793517		17.698318
MET106H-MET106N-GLY105CA		8.122287		121.933264		46.951108
ALA107H-ALA107N-MET106CA		7.947843		120.062089		56.169856
ALA107H-ALA107N-MET106CB		7.948062		120.065385		30.005306
SER108H-SER108N-ALA107CA		7.622268		114.212951		55.010999
SER108H-SER108N-ALA107CB		7.624574		114.188151		17.497732
ALA109H-ALA109N-SER108CA		7.57599		126.266171		61.632547
ALA109H-ALA109N-SER108CB		7.576574		126.260051		62.49311
LEU110H-LEU110N-ALA109CA		8.027929		115.448258		54.303566
LEU110H-LEU110N-ALA109CB		8.025427		115.437497		17.540114
GLU111H-GLU111N-LEU110CA		7.883485		118.772879		57.88529
GLU111H-GLU111N-LEU110CB		7.882583		118.760013		40.731665
ALA112H-ALA112N-GLU111CA		7.515577		122.304577		59.090698
ALA112H-ALA112N-GLU111CB		7.515342		122.288366		29.494865
LEU113H-LEU113N-ALA112CA		7.787476		117.469058		54.43548
LEU113H-LEU113N-ALA112CB		7.785932		117.478311		18.657161
GLU114H-GLU114N-LEU113CA		7.619348		118.574609		56.143331
GLU114H-GLU114N-LEU113CB		7.617539		118.588048		43.236066
GLY115H-GLY115N-GLU114CA		7.590821		113.451317		57.000203
GLY115H-GLY115N-GLU114CB		7.593225		113.446687		30.057935
