Assignment		w1		w2		w3

SER2H-SER2N-MET1CA		11.41965		118.702879		60.709113
SER2H-SER2N-MET1CB		15.209693		124.135667		34.053593
GLU3H-GLU3N-SER2CA		16.497849		127.857341		60.921416
GLU3H-GLU3N-SER2CB		13.972388		127.077346		67.888949
THR4H-THR4N-GLU3CA		13.309558		125.171525		57.289363
THR4H-THR4N-GLU3CB		15.147936		119.697137		39.275124
VAL5H-VAL5N-THR4CA		22.046839		132.479056		65.730779
VAL5H-VAL5N-THR4CB		20.204131		131.622798		72.274504
ILE6H-ILE6N-VAL5CA		19.631151		132.636213		67.759403
ILE6H-ILE6N-VAL5CB		16.415382		133.063425		36.685092
CYS7H-CYS7N-ILE6CA		8.507615		117.744102		64.362159
CYS7H-CYS7N-ILE6CB		15.02624		117.928786		42.804774
SER8H-SER8N-CYS7CA		18.079237		125.437938		60.159777
SER8H-SER8N-CYS7CB		14.580315		128.208101		33.189333
SER9H-SER9N-SER8CA		12.825924		121.343981		63.210317
SER9H-SER9N-SER8CB		12.138883		122.941796		71.242073
ARG10H-ARG10N-SER9CA		19.860713		130.00634		62.589155
ARG10H-ARG10N-SER9CB		11.234721		125.922686		71.11243
ALA11H-ALA11N-ARG10CA		13.585171		129.796897		57.499701
ALA11H-ALA11N-ARG10CB		18.616212		127.777132		35.272136
THR12H-THR12N-ALA11CA		13.613495		122.375467		54.561122
THR12H-THR12N-ALA11CB		20.765623		121.542447		31.714023
VAL13H-VAL13N-THR12CA		15.434413		132.648547		63.701179
VAL13H-VAL13N-THR12CB		16.016477		128.995174		72.023287
MET14H-MET14N-VAL13CA		15.512057		132.504282		68.259371
MET14H-MET14N-VAL13CB		11.521878		132.666587		33.767661
LEU15H-LEU15N-MET14CA		14.464414		125.474772		59.043434
LEU15H-LEU15N-MET14CB		14.215786		136.067661		36.744486
TYR16H-TYR16N-LEU15CA		14.252234		128.189177		60.721036
TYR16H-TYR16N-LEU15CB		13.450048		132.283131		52.198284
ASP17H-ASP17N-TYR16CA		22.945177		133.277907		62.75512
ASP17H-ASP17N-TYR16CB		8.300181		151.568298		40.037638
ASP18H-ASP18N-ASP17CA		19.958		125.998211		56.789208
ASP18H-ASP18N-ASP17CB		14.084223		132.574808		52.871241
GLY19H-GLY19N-ASP18CA		9.124769		111.579649		59.635015
GLY19H-GLY19N-ASP18CB		19.413352		109.843535		43.353571
ASN20H-ASN20N-GLY19CA		11.610566		117.725836		50.526453
LYS21H-LYS21N-ASN20CA		14.882573		121.353831		56.21701
LYS21H-LYS21N-ASN20CB		14.061679		123.579214		46.905337
ARG22H-ARG22N-LYS21CA		10.267145		117.197197		62.992908
ARG22H-ARG22N-LYS21CB		9.834533		120.43614		32.46031
TRP23H-TRP23N-ARG22CA		9.169098		129.213895		57.610692
TRP23H-TRP23N-ARG22CB		10.778763		128.578474		36.351323
LEU24H-LEU24N-TRP23CA		10.588487		127.777103		57.567851
LEU24H-LEU24N-TRP23CB		10.670951		134.908822		34.573199
ALA26H-ALA26N-PRO25CA		12.670368		128.216077		64.927495
ALA26H-ALA26N-PRO25CB		19.904688		127.493403		40.865851
GLY27H-GLY27N-ALA26CA		22.712824		115.478151		56.828716
GLY27H-GLY27N-ALA26CB		9.577226		114.910594		27.793925
THR28H-THR28N-GLY27CA		14.500721		113.854965		48.588631
GLY29H-GLY29N-THR28CA		13.434956		122.719426		75.675503
GLY29H-GLY29N-THR28CB		16.511421		113.616172		73.661516
GLN31H-GLN31N-PRO30CA		11.169034		127.377997		66.624327
GLN31H-GLN31N-PRO30CB		10.307081		126.825892		34.966959
ALA32H-ALA32N-GLN31CA		13.189118		129.537711		58.341865
ALA32H-ALA32N-GLN31CB		20.353737		136.874568		38.932469
PHE33H-PHE33N-ALA32CA		10.532797		122.475475		53.725367
PHE33H-PHE33N-ALA32CB		20.155518		121.578705		26.988041
SER34H-SER34N-PHE33CA		15.648515		119.124752		63.29256
SER34H-SER34N-PHE33CB		13.460047		120.521335		46.036584
ARG35H-ARG35N-SER34CA		12.496879		130.794886		61.420254
ARG35H-ARG35N-SER34CB		11.920244		126.266978		70.919476
VAL36H-VAL36N-ARG35CA		16.741534		133.794825		57.109934
VAL36H-VAL36N-ARG35CB		16.629121		133.431508		33.256665
GLN37H-GLN37N-VAL36CA		12.178058		131.468132		74.529188
GLN37H-GLN37N-VAL36CB		12.005627		128.803136		39.790488
ILE38H-ILE38N-GLN37CA		10.008235		123.496427		56.339891
ILE38H-ILE38N-GLN37CB		11.158331		120.326143		41.859435
TYR39H-TYR39N-ILE38CA		13.484714		129.346534		73.406112
TYR39H-TYR39N-ILE38CB		11.149227		133.205667		47.877674
HIS40H-HIS40N-TYR39CA		12.715968		124.662545		58.839303
HIS40H-HIS40N-TYR39CB		12.808081		125.864625		45.14378
ASN41H-ASN41N-HIS40CA		13.90057		128.20445		58.147018
ASN41H-ASN41N-HIS40CB		12.252866		134.502691		37.796489
THR43H-THR43N-PRO42CA		12.881813		118.103419		71.350686
THR43H-THR43N-PRO42CB		10.653937		119.67626		37.623923
ALA44H-ALA44N-THR43CA		14.450937		124.098562		71.752263
ALA44H-ALA44N-THR43CB		18.497478		124.624402		80.561736
ASN45H-ASN45N-ALA44CA		14.563055		119.099937		56.888144
ASN45H-ASN45N-ALA44CB		13.266924		117.784905		27.759128
SER46H-SER46N-ASN45CA		8.346111		111.300708		57.708166
SER46H-SER46N-ASN45CB		9.867422		118.065728		43.400455
PHE47H-PHE47N-SER46CA		14.737383		121.998256		61.361566
PHE47H-PHE47N-SER46CB		12.621679		121.712784		68.467421
ARG48H-ARG48N-PHE47CA		16.161784		128.125093		60.035132
ARG48H-ARG48N-PHE47CB		13.987509		124.623473		47.770551
VAL49H-VAL49N-ARG48CA		24.434902		124.469387		59.906174
VAL49H-VAL49N-ARG48CB		11.777796		125.480114		39.501574
VAL50H-VAL50N-VAL49CA		13.046022		131.308883		65.320897
VAL50H-VAL50N-VAL49CB		12.718729		131.497287		35.034252
GLY51H-GLY51N-VAL50CA		12.659017		119.369392		64.434256
GLY51H-GLY51N-VAL50CB		13.638132		122.43262		40.172907
ARG52H-ARG52N-GLY51CA		14.469431		124.92159		48.026421
LYS53H-LYS53N-ARG52CA		14.902592		142.36878		54.939821
LYS53H-LYS53N-ARG52CB		12.824362		126.506207		37.614935
MET54H-MET54N-LYS53CA		12.99837		131.471086		61.117159
MET54H-MET54N-LYS53CB		16.55398		124.936827		38.223872
GLN55H-GLN55N-MET54CA		10.670318		126.649169		61.780842
GLN55H-GLN55N-MET54CB		15.315252		134.702698		35.884061
ASP57H-ASP57N-PRO56CA		9.886074		121.030335		71.390245
ASP57H-ASP57N-PRO56CB		11.285333		120.80208		39.85405
GLN58H-GLN58N-ASP57CA		13.288356		121.650891		59.999149
GLN58H-GLN58N-ASP57CB		13.868743		118.644318		42.71063
GLN59H-GLN59N-GLN58CA		17.098674		118.010037		60.269266
GLN59H-GLN59N-GLN58CB		12.641292		124.205773		29.979303
VAL60H-VAL60N-GLN59CA		15.19704		136.648891		59.592521
VAL60H-VAL60N-GLN59CB		12.69843		130.81005		34.699759
VAL61H-VAL61N-VAL60CA		10.587915		127.377454		65.223984
VAL61H-VAL61N-VAL60CB		13.184713		130.0263		35.842687
ILE62H-ILE62N-VAL61CA		11.112539		121.954151		64.48998
ILE62H-ILE62N-VAL61CB		11.237819		121.318642		34.855989
ASN63H-ASN63N-ILE62CA		16.620234		128.227723		61.548414
ASN63H-ASN63N-ILE62CB		17.614995		128.937362		42.115412
CYS64H-CYS64N-ASN63CA		13.410866		130.086567		63.234101
CYS64H-CYS64N-ASN63CB		10.169948		124.672122		40.860334
ALA65H-ALA65N-CYS64CA		13.586537		132.606827		61.109996
ALA65H-ALA65N-CYS64CB		12.436179		128.659178		37.127007
ILE66H-ILE66N-ALA65CA		8.52398		128.082695		59.604189
ILE66H-ILE66N-ALA65CB		10.029013		125.804025		28.310821
VAL67H-VAL67N-ILE66CA		17.685924		129.004947		71.322246
VAL67H-VAL67N-ILE66CB		8.769953		126.789705		43.908682
ARG68H-ARG68N-VAL67CA		18.991037		124.459417		61.977333
ARG68H-ARG68N-VAL67CB		16.042778		121.726917		41.409444
GLY69H-GLY69N-ARG68CA		14.443979		116.998762		61.676776
GLY69H-GLY69N-ARG68CB		11.81232		117.273749		35.469326
VAL70H-VAL70N-GLY69CA		18.393455		125.756693		50.775539
LYS71H-LYS71N-VAL70CA		10.313814		131.667366		69.245704
LYS71H-LYS71N-VAL70CB		11.34053		128.940522		33.376704
TYR72H-TYR72N-LYS71CA		11.457138		130.215252		65.214827
TYR72H-TYR72N-LYS71CB		14.248857		138.048266		33.78346
ASN73H-ASN73N-TYR72CA		14.175806		132.063528		63.178595
ASN73H-ASN73N-TYR72CB		16.551434		130.355384		52.298001
GLN74H-GLN74N-ASN73CA		9.399419		129.893374		54.537938
GLN74H-GLN74N-ASN73CB		10.150577		129.145924		45.106852
ALA75H-ALA75N-GLN74CA		12.986794		147.182635		59.286418
ALA75H-ALA75N-GLN74CB		10.630921		139.070662		30.980875
THR76H-THR76N-ALA75CA		10.90931		113.989512		59.500197
THR76H-THR76N-ALA75CB		10.621636		113.782732		22.664206
ASN78H-ASN78N-PRO77CA		11.083541		112.694505		65.588198
ASN78H-ASN78N-PRO77CB		9.036905		112.363872		37.34549
PHE79H-PHE79N-ASN78CA		14.884902		129.105606		57.592221
PHE79H-PHE79N-ASN78CB		15.277166		134.097633		42.235617
HIS80H-HIS80N-PHE79CA		8.662622		135.546907		60.246576
HIS80H-HIS80N-PHE79CB		13.504395		127.369144		42.454588
GLN81H-GLN81N-HIS80CA		15.998338		119.887525		62.473139
GLN81H-GLN81N-HIS80CB		16.931157		116.777355		40.906442
TRP82H-TRP82N-GLN81CA		15.118085		120.649216		56.971479
TRP82H-TRP82N-GLN81CB		15.987103		126.799295		36.493284
ARG83H-ARG83N-TRP82CA		13.237471		124.189883		60.090404
ARG83H-ARG83N-TRP82CB		13.714192		124.166757		36.378915
ASP84H-ASP84N-ARG83CA		23.236689		129.766591		56.262578
ASP84H-ASP84N-ARG83CB		13.216711		129.626053		40.169657
ALA85H-ALA85N-ASP84CA		16.323761		127.154875		58.013835
ALA85H-ALA85N-ASP84CB		10.123037		126.011358		43.674028
ARG86H-ARG86N-ALA85CA		18.210166		121.60179		57.428951
ARG86H-ARG86N-ALA85CB		10.615558		121.434753		21.79457
GLN87H-GLN87N-ARG86CA		19.697025		122.375971		64.615825
GLN87H-GLN87N-ARG86CB		13.496608		121.002659		36.52079
VAL88H-VAL88N-GLN87CA		12.858126		131.125462		64.693681
VAL88H-VAL88N-GLN87CB		20.956264		125.413645		40.542315
TRP89H-TRP89N-VAL88CA		28.016885		131.868401		66.12166
TRP89H-TRP89N-VAL88CB		13.145086		131.35888		36.460809
GLY90H-GLY90N-TRP89CA		14.230848		113.597353		58.400193
GLY90H-GLY90N-TRP89CB		13.11247		113.991342		38.714808
LEU91H-LEU91N-GLY90CA		14.439323		128.39029		53.754858
ASN92H-ASN92N-LEU91CA		14.850307		136.844556		53.518556
ASN92H-ASN92N-LEU91CB		11.297874		124.963307		49.714413
PHE93H-PHE93N-ASN92CA		14.88006		131.543545		53.65583
PHE93H-PHE93N-ASN92CB		17.843845		127.659567		42.94598
GLY94H-GLY94N-PHE93CA		16.454026		109.48378		64.821097
GLY94H-GLY94N-PHE93CB		19.261892		118.404907		58.343282
SER95H-SER95N-GLY94CA		12.108573		115.020589		51.482847
LYS96H-LYS96N-SER95CA		18.356696		125.673972		60.672494
LYS96H-LYS96N-SER95CB		17.821478		125.944858		68.973813
GLU97H-GLU97N-LYS96CA		16.701055		124.187479		63.929037
GLU97H-GLU97N-LYS96CB		10.859404		124.392651		42.515558
ASP98H-ASP98N-GLU97CA		13.576092		124.663604		62.113124
ASP98H-ASP98N-GLU97CB		12.15835		124.114343		37.600674
ALA99H-ALA99N-ASP98CA		10.096316		130.218741		63.573397
ALA99H-ALA99N-ASP98CB		13.853682		127.112099		45.932972
ALA100H-ALA100N-ALA99CA		14.653177		123.270872		57.553927
ALA100H-ALA100N-ALA99CB		12.521479		131.985708		31.383567
GLN101H-GLN101N-ALA100CA		15.969758		123.51459		60.276314
GLN101H-GLN101N-ALA100CB		21.823342		120.643042		20.13419
PHE102H-PHE102N-GLN101CA		10.988294		124.111588		61.998803
PHE102H-PHE102N-GLN101CB		11.928575		127.416097		32.054301
ALA103H-ALA103N-PHE102CA		13.760821		127.67556		71.495817
ALA103H-ALA103N-PHE102CB		13.94703		121.365584		42.709352
ALA104H-ALA104N-ALA103CA		11.084649		122.285618		57.921861
ALA104H-ALA104N-ALA103CB		11.378731		122.812053		21.52242
GLY105H-GLY105N-ALA104CA		8.842399		123.047959		61.114853
GLY105H-GLY105N-ALA104CB		10.123195		112.048813		19.968417
MET106H-MET106N-GLY105CA		25.129288		128.490342		54.355035
ALA107H-ALA107N-MET106CA		9.485948		124.050412		58.111933
ALA107H-ALA107N-MET106CB		9.174359		128.586088		36.044553
SER108H-SER108N-ALA107CA		13.909727		117.142216		58.255414
SER108H-SER108N-ALA107CB		14.181878		131.883446		19.515515
ALA109H-ALA109N-SER108CA		15.357206		131.03652		72.31899
ALA109H-ALA109N-SER108CB		19.26925		128.955806		76.409991
LEU110H-LEU110N-ALA109CA		17.852447		121.112054		57.699556
LEU110H-LEU110N-ALA109CB		14.368201		123.066882		24.674307
GLU111H-GLU111N-LEU110CA		9.301848		120.327754		68.28417
GLU111H-GLU111N-LEU110CB		21.150046		128.623037		44.738916
ALA112H-ALA112N-GLU111CA		12.287332		130.34506		62.863832
ALA112H-ALA112N-GLU111CB		8.539759		124.510274		33.916733
LEU113H-LEU113N-ALA112CA		19.002515		119.10237		56.785765
LEU113H-LEU113N-ALA112CB		15.760041		123.026683		22.532071
GLU114H-GLU114N-LEU113CA		10.635896		122.55766		59.281144
GLU114H-GLU114N-LEU113CB		9.353774		121.858999		46.116984
GLY115H-GLY115N-GLU114CA		8.780015		123.724644		58.190094
GLY115H-GLY115N-GLU114CB		16.197754		125.002048		35.958057
